552340,89059
552341,554699
552353,398446
552369,137297
552381,590530
552382,96914
552383,11762
552384,303143
552400,136720
552401,313505
552402,270494
552403,461554
553185,134230
553187,101623
553188,125530
553189,273312
553193,468657
553219,548522
553225,785491
553250,136684
553253,118310
553255,127165
553274,165190
553294,17935
553297,103133
553299,554353
553305,934945
553486,95520
553512,248609
553530,551697
553536,538808
553555,1461385
553588,52357
553590,366190
553610,214302
553633,496081
553655,819061
553660,98409
553663,542423
553700,59752
553702,1086099
553739,246849
553756,83274
553785,839917
553807,784380
553816,127579
553819,83296
553821,124626
553824,26534
553825,127591
553844,449343
553862,400764
553880,310324
553903,17549
554092,18433
554094,19873
554095,19952
554097,4727
554098,140973
554194,302228
554198,198204
554201,40377
554203,265936
554207,6229
554208,454884
554223,1360343
554247,1173973
554261,158504
554293,19303
554295,628248
554316,516682
554322,44569
554323,154433
554354,1254558
554394,563873
554404,256479
554408,366999
554413,54986
554427,175319
554462,685219
554471,77253
554494,332991
554495,702699
554504,226943
554507,50483
554524,35273
554526,865644
554538,386285
554558,416951
554564,430673
554569,509221
554588,109057
554603,769007
554613,77865
554615,474513
554633,373339
554701,31576
554703,1139152
554714,196360
554728,285873
554732,95974
554736,39507
554752,179232
554768,222769
554772,60804
554774,41289
554791,303051
554808,1229453
554835,75552
554837,1165264
554873,518228
554880,199523
554898,948951
554920,1127930
554968,120977
554970,176489
554973,762874
554998,695089
555020,435036
555022,322863
555023,420869
555047,13064
555071,252110
555073,66755
555121,196201
555122,53077
555124,829759
555150,62587
555152,120333
555156,305842
555160,432312
555166,93532
555172,236030
555187,243752
555202,462494
555208,405868
555226,513314
555232,866537
555254,379615
555259,764803
555267,187432
555270,59024
555308,1001879
555344,54054
555345,1257278
555370,292814
555374,974239
555401,26021
555408,207408
555411,76503
555431,318880
555435,255825
555443,645008
555451,85868
555476,30549
555478,306685
555482,873687
555504,1036144
555540,147341
555543,94641
555546,946154
555575,19548
555591,281521
555596,316686
555612,741137
555649,19600
555651,1314167
555676,278838
555693,13164
555695,968185
555705,140201
555707,101148
555722,57690
555723,100596
555740,37726
555742,86933
555759,71753
555761,54207
555763,1083142
555789,7302
555790,821942
555798,98261
555801,281632
555850,107573
555853,178157
555860,681224
555881,45351
555883,278534
555900,203267
555917,236723
555933,811018
555958,8247
555960,191115
555965,37838
555967,583969
555976,25876
556152,653635
556160,304924
556164,184568
556182,682083
556210,590730
556218,553342
556237,913238
556248,210207
556269,104357
556284,438906
556370,48163
556372,432174
556412,1210498
556437,173427
556454,480952
556461,622029
556482,172713
556485,420166
556491,539754
556497,68463
556517,1230179
556542,282414
556562,836328
556639,29057
556640,42571
556641,162929
556662,75072
556664,1202535
556680,604407
556716,301514
556734,558611
556741,515493
556767,1082623
556816,506388
556834,1290139
556872,222429
556889,307027
556907,131410
556909,138955
556913,796693
556923,168718
556939,389571
556954,288771
556958,838332
556979,49983
556981,255699
556997,490552
557012,526006
557019,108417
557021,360169
557026,56082
557074,258013
557104,595818
557112,509849
557118,8603
557119,110180
557138,948267
557149,263829
557226,124562
557233,380947
557251,597733
557271,347639
557291,608674
557299,604948
557321,45284
557336,208790
557339,862959
557350,169796
557374,71026
557415,880027
557425,528183
557444,7495
557481,19766
557482,1250845
557509,435052
557531,402068
557547,837344
557613,1176053
557659,626827
557681,809875
557691,328320
557717,428332
557723,99799
557726,113192
557744,581315
557749,86827
557862,126404
557876,123049
557897,90486
557913,20117
557926,450629
558122,61261
558124,116165
558126,70845
558150,251408
558153,86771
558155,545116
558179,111284
558182,1172289
558215,56968
558217,300353
558221,976412
558244,214958
558247,1231579
558273,15625
558275,826521
558284,59082
558288,68792
558291,214945
558327,37170
558329,32645
558330,1115782
558354,290893
558369,225883
558383,46216
558387,166909
558390,398593
558406,122698
558409,48807
558410,13922
558422,730911
558433,116056
558437,13259
558449,1319619
558482,921881
558535,50537
558551,338645
558602,51533
558604,97974
558606,740595
558615,24412
558627,394768
558633,774899
558656,313175
558676,761775
558685,100282
558726,308953
558744,506133
558750,44112
558752,58027
558757,545654
558783,406143
558801,287541
